gama1 = 109;
gama2 = 2.04;
bd = 500;
kd = 1000;
ke = 3000;
ke_0 = 500;
P = 1;
I = 1;
D = 1;
