t1 = [0:0.01:10]';
gama1 = ones(1001,1)*200;
gama2 = ones(1001,1)*5;
simin = [t1,gama1,gama2];     